Dim  pp  Elements  DoFs     Blocksize  Threads  Timesteps  Affinity  Wallclock(s)
2    1   400       3803     1000       1        100        default   76.35
2    1   400       3803     1000       2        100        default   72.74
2    1   400       3803     1000       4        100        default   69.39
2    1   400       3803     1000       60       100        default   69.10
2    1   400       3803     100        1        100        default   75.33
2    1   400       3803     100        2        100        default   37.73
2    1   400       3803     100        4        100        default   21.85
2    1   400       3803     100        60       100        default   22.27
2    1   400       3803     10         1        100        default   75.64
2    1   400       3803     10         2        100        default   42.15
2    1   400       3803     10         4        100        default   23.45
2    1   400       3803     10         60       100        default   22.06
2    1   400       3803     10-nolock  2        100        default   41.08
2    1   400       3803     10-nolock  4        100        default   23.09
2    1   400       3803     10-nolock  8        100        default   13.83
2    1   400       3803     10-nolock  15       100        default   9.91
2    1   400       3803     10-nolock  30       100        default   8.44
2    1   400       3803     10-nolock  60       100        default   7.87
2    1   1600      14803    1000       1        100        default   285.00
2    1   1600      14803    1000       2        100        default   135.42
2    1   1600      14803    1000       4        100        default   136.02
2    1   1600      14803    1000       60       100        default   138.78
2    1   1600      14803    10         1        100        default   284.31
2    1   1600      14803    10         2        100        default   146.38
2    1   1600      14803    10         4        100        default   84.43
2    1   1600      14803    10         8        100        default   54.92
2    1   1600      14803    10         15       100        default   50.66
2    1   1600      14803    10         30       100        default   49.77
2    1   1600      14803    10         60       100        default   94.47
2    1   1600      14803    10-nolock  2        100        default   143.60
2    1   1600      14803    10-nolock  4        100        default   82.10
2    1   1600      14803    10-nolock  8        100        default   48.58
2    1   1600      14803    10-nolock  15       100        default   35.01
2    1   1600      14803    10-nolock  30       100        default   25.99
2    1   1600      14803    10-nolock  60       100        default   23.40
2    1   6400      58403    1000       1        100        default   1094.8
2    1   6400      58403    1000       2        100        default   534.22
2    1   6400      58403    1000       4        100        default   296.32
2    1   6400      58403    1000       8        100        default   210.48
2    1   6400      58403    1000       15       100        default   217.21
2    1   6400      58403    1000       30       100        default   212.52
2    1   6400      58403    10         2        100        default   530.54
2    1   6400      58403    10         4        100        default   297.81
2    1   6400      58403    10         8        100        default   209.22
2    1   6400      58403    10         15       100        default   194.27
2    1   6400      58403    10         30       100        default   190.87
2    1   6400      58403    10         30       100        default   190.87
2    1   6400      58403    10-nolock  2        100        default   532.09
2    1   6400      58403    10-nolock  4        100        default   293.99
2    1   6400      58403    10-nolock  8        100        default   174.10
2    1   6400      58403    10-nolock  15       100        default   124.46
2    1   6400      58403    10-nolock  30       100        default   93.88
2    1   6400      58403    10-nolock  60       100        default   82.54
2    1   25600     232003   1000       1        100        default   4349
2    1   25600     232003   1000       2        100        default   2082.4
2    1   25600     232003   1000       4        100        default   1148.6
2    1   25600     232003   1000       8        100        default   855.02
2    1   25600     232003   1000       15       100        default   819.98
2    1   25600     232003   1000       30       100        default   797.00
2    1   25600     232003   10         2        100        default   2086.9
2    1   25600     232003   10         4        100        default   1117.68
2    1   25600     232003   10         8        100        default   809.53
2    1   25600     232003   10         15       100        default   750.27
2    1   25600     232003   10         30       100        default   752.31
2    1   25600     232003   10         60       100        default   1403.9
2    1   25600     232003   10-nolock  2        100        default   2084.01
2    1   25600     232003   10-nolock  4        100        default   1126.2
2    1   25600     232003   10-nolock  8        100        default   658.12
2    1   25600     232003   10-nolock  15       100        default   462.99
2    1   25600     232003   10-nolock  30       100        default   347.00
2    1   25600     232003   10-nolock  60       100        default   318.89
2    1   102400    924803   1000       15       100        default   3046.81
2    1   102400    924803   1000       30       100        default   2914.5
2    1   102400    924803   10         1        100        default   18722
2    1   102400    924803   10         2        100        default   8254
2    1   102400    924803   10         4        100        default   4399
2    1   102400    924803   10         8        100        default   3161.27
2    1   102400    924803   10         15       100        default   2933.02
2    1   102400    924803   10         30       100        default   SIG9
2    1   102400    924803   10-nolock  2        100        default   8097
2    1   102400    924803   10-nolock  4        100        default   4476
2    1   102400    924803   10-nolock  8        100        default   2567.4
2    1   102400    924803   10-nolock  15       100        default   1761.67

3    1   1000      29114    1000       1        100        default   3894
3    1   1000      29114    1000       2        100        default   3848
3    1   1000      29114    10         2        100        default   2060.27
3    1   1000      29114    10         4        100        default   1069.45
3    1   1000      29114    10         8        100        default   629.73
3    1   1000      29114    10         15       100        default   549.84
3    1   1000      29114    10         30       100        default   532.77
3    1   1000      29114    10         60       100        default   980.21
3    1   1000      29114    10-nolock  2        100        default   2037.4
3    1   1000      29114    10-nolock  4        100        default   1051.1
3    1   1000      29114    10-nolock  8        100        default   584.13
3    1   1000      29114    10-nolock  15       100        default   374.57
3    1   1000      29114    10-nolock  30       100        default   251.81
3    1   1000      29114    10-nolock  60       100        default   220.97
3    1   8000      216024   1000       1        100        default   28929
3    1   8000      216024   10         2        100        default   14491
3    1   8000      216024   10         4        100        default   7484
3    1   8000      216024   10         8        100        default   4514
3    1   8000      216024   10         15       100        default   4117
3    1   8000      216024   10         30       100        default   4023
3    1   8000      216024   10         60       100        default   8824
3    1   8000      216024   10-nolock  2        100        default   14265
3    1   8000      216024   10-nolock  4        100        default   7405
3    1   8000      216024   10-nolock  8        100        default   4101
3    1   8000      216024   10-nolock  15       100        default   2546.25
3    1   8000      216024   10-nolock  30       100        default   1647.5
3    1   8000      216024   10-nolock  60       100        default   1450.5
3    1   10648     285542   10         2        100        default   18925
3    1   10648     285542   10         4        100        default   10011
3    1   10648     285542   10         8        100        default   SIG9
3    1   10648     285542   10         15       100        default   SIG9
3    1   10648     285542   10         30       100        default   SIG9
3    1   15625              10         1        100        default   SIG9
3    1   15625              10         2        100        default   SIG9
3    1   15625              10         4        100        default   SIG9
3    1   15625              10         8        100        default   SIG9
3    1   15625              10         15       100        default   SIG9
3    1   15625              10         30       100        default   SIG9
3    1   27000              10         4        100        default   bad_alloc
3    1   27000              10         8        100        default   bad_alloc
3    1   27000              10         15       100        default   SIG9
3    1   27000              10         30       100        default   SIG9

2    2   400       9123     1000       1        100        default   203.62
2    2   400       9123     1000       2        100        default   199.15
2    2   400       9123     1000       4        100        default   198.33
2    2   400       9123     1000       60       100        default   198.13
2    2   400       9123     10         2        100        default   114.54
2    2   400       9123     10         4        100        default   65.60
2    2   400       9123     10         8        100        default   46.08
2    2   400       9123     10         15       100        default   43.26
2    2   400       9123     10         30       100        default   42.68
2    2   400       9123     10-nolock  2        100        default   
2    2   400       9123     10-nolock  4        100        default   
2    2   400       9123     10-nolock  8        100        default   
2    2   400       9123     10-nolock  15       100        default   
2    2   400       9123     10-nolock  30       100        default   
2    2   1600      35843    1000       1        100        default   776
2    2   1600      35843    1000       2        100        default   395.82
2    2   1600      35843    1000       4        100        default   397.96
2    2   1600      35843    1000       60       100        default   395.87
2    2   1600      35843    10         2        100        default   411.06
2    2   1600      35843    10         4        100        default   240.00
2    2   1600      35843    10         8        100        default   167.66
2    2   1600      35843    10         15       100        default   162.15
2    2   1600      35843    10         30       100        default   157.89
2    2   6400      142083   1000       1        100        default   3109.1
2    2   6400      142083   1000       2        100        default   1588.7
2    2   6400      142083   1000       4        100        default   897.28
2    2   6400      142083   1000       8        100        default   704.02
2    2   6400      142083   1000       15       100        default   682.36
2    2   6400      142083   1000       30       100        default   687.63
2    2   6400      142083   10         2        100        default   1592.3
2    2   6400      142083   10         4        100        default   900.61
2    2   6400      142083   10         8        100        default   657.36
2    2   6400      142083   10         15       100        default   632.25
2    2   6400      142083   10         30       100        default   623.64
2    2   25600     142083   1000       2        100        default   
2    2   25600     142083   1000       4        100        default   
2    2   25600     142083   1000       8        100        default   
2    2   25600     142083   1000       15       100        default   
2    2   25600     142083   1000       30       100        default   2640.13
2    2   25600     142083   10         2        100        default   6304
2    2   25600     142083   10         4        100        default   3480.09
2    2   25600     142083   10         8        100        default   2586.6
2    2   25600     142083   10         15       100        default   2551.01
2    2   25600     142083   10         30       100        default   2454.07
2    2   102400             10         1        100        default   SIG9
2    2   102400             10         2        100        default   bad_alloc
2    2   102400             10         4        100        default   SIG9
2    2   102400             10         8        100        default   
2    2   102400             10         15       100        default   
2    2   102400             10         30       100        default   SIG9

3    2   1000      98634    10         1        100        default   
3    2   1000      98634    10         2        100        default   
3    2   1000      98634    10         4        100        default   
3    2   1000      98634    10         8        100        default   
3    2   1000      98634    10         15       100        default   
3    2   1000      98634    10         30       100        default   
